Prior[Not-NoCurbRamp]=0.037353644752015955
Prior[Obstacle]=0.04859256439830716
Prior[CurbRamp]=0.31924166538511445
Prior[Not-CurbRamp]=0.03616967576573049
Prior[Not-SurfaceProblem]=0.04495445726002618
Prior[Not-Obstacle]=0.048834297065228426
Prior[NoCurbRamp]=0.2540743784441932
Prior[SurfaceProblem]=0.2107814661027826
